674
675
678
679
680
681
682
683
684
685
686
687
688
689
690
691
692
693
694
695
696
697
701
703
704
705
707
711
712
713
714
715
716
717
718
719
726
747
748
753
755
756
757
758
760
761
762
763
765
766
767
768
769
770
771
772
773
774
775
776
777
778
779
782
783
784
785
788
791
792
798
799
800
801
802
803
804
805
806
807
808
809
810
811
812
813
814
815
816
817
818
819
820
821
822
823
824
825
826
827
828
829
830
831
832
833
834
835
836
837
838
839
840
844
845
846
847
848
849
850
851
852
853
854
855
856
857
858
859
860
861
862
863
864
865
866
867
868
869
870
889
890
891
923
966
967
969
971
973
974
976
977
978
979
980
981
982
983
987
988
989
990
991
992
993
994
995
996
997
998
999
1000
1001
1002
1003
1004
1005
1006
1007
1008
1009
1010
1012
1013
1014
1015
1016
1017
1018
1019
1020
1023
1024
1025
1026
1034
1039
1040
1041
1042
1043
1044
1045
1140
1141
1142
1143
1328
1329
1330
1331
1332
1333
1334
1337
1338
1346
1347
1348
1349
1350
1351
1352
1353
1354
1355
1356
1357
1359
1360
1361
1362
1363
1382
1383
1384
1385
1386
1387
1388
1389
1390
1391
1392
1393
1394
1395
1396
1397
1398
1399
1400
1401
1402
1403
1404
1405
1406
1407
1408
1409
1410
1411
1412
1413
1414
1415
1416
1417
1418
1419
1420
1421
1422
1423
1424
1425
1426
1427
1428
1429
1430
1431
1432
1433
1434
1435
1436
1437
1438
1439
1440
1441
1442
1443
1444
1445
1446
1447
1448
1449
1450
1451
1452
1453
1454
1455
1456
1457
1458
1459
1460
1462
1464
1465
1466
1467
1468
1469
1470
1471
1472
1473
1474
1475
1476
1477
1478
1479
1480
1481
1482
1483
1484
1485
1486
1487
1488
1489
1490
1491
1492
1493
1494
1495
1496
1497
1498
1499
1500
1501
1502
1503
1514
1517
1518
1519
1520
1521
1531
1542
1551
1552
1553
1554
1555
1556
1557
1558
1559
1560
1561
1562
1563
1564
1565
1566
1567
1568
1569
1570
1571
1572
1573
1574
1575
1576
1577
1578
1579
1580
1581
1582
1583
1584
1585
1586
1587
1588
1589
1590
1591
1592
1593
1594
1595
1596
1597
1598
1599
1600
1601
1602
1603
1604
1605
1606
1607
1608
1609
1610
1611
1612
1613
1614
1615
1616
1617
1618
1619
1620
1621
1622
1623
1624
1625
1626
1627
1628
1629
1630
1631
1632
1633
1634
1635
1636
1637
1638
1639
1640
1641
1642
1643
1644
1645
1646
1647
1648
1649
1650
1651
1652
1653
1654
1655
1656
1657
1658
1659
1660
1661
1662
1663
1664
1665
1666
1667
1668
1669
1670
1671
1672
1673
1674
1675
1676
1677
1678
1679
1682
1683
1684
1685
1687
1688
1689
1690
1691
1692
1693
1694
1695
1696
1697
1698
1699
1700
1701
1702
1703
1704
1705
1706
1707
1708
1709
1710
1711
1712
1713
1714
1715
1716
1717
1718
1719
1720
1721
1722
1723
1724
1725
1726
1727
1728
1729
1730
1731
1734
1735
1736
1737
1760
1766
1767
1772
1773
1774
1775
1776
1777
1781
1782
1783
1784
1785
1790
1791
1792
1793
1794
1795
1796
1797
1798
1799
1800
1801
1802
1803
1804
1805
1806
1807
1808
1809
1810
1811
1812
1813
1814
1815
1816
1817
1818
1819
1820
1821
1822
1823
1824
1825
1826
1827
1828
1829
1831
1832
1833
1834
1835
1836
1837
1838
1839
1840
1841
1842
1843
1844
1845
1846
1847
1848
1849
1850
1851
1852
1853
1854
1855
1856
1857
1858
1859
1860
1861
1862
1863
1864
1865
1866
1867
1868
1869
1870
1871
1872
1873
1874
1875
1876
1877
1878
1879
1880
1881
1882
1883
1884
1885
1886
1887
1888
1889
1890
1891
1892
1893
1894
1895
1896
1897
1898
1899
1900
1901
1902
1903
1904
1905
1906
1907
1918
1919
1920
1921
1922
1923
1924
1926
1927
1928
1929
1930
1931
1932
1933
1934
1935
1936
1937
1939
1940
1954
1955
1956
1957
1958
1959
1960
1979
1980
1986
1987
1988
1989
1990
1991
1992
1993
1994
1995
1996
1998
1999
2000
2002
2003
2005
2009
2010
2011
2012
2013
2018
2019
2020
2021
2022
2023
2024
2025
2026
2027
2028
2029
2030
2031
2032
2033
2034
2035
2036
2037
2038
2039
2040
2041
2042
2043
2048
2053
2054
2056
2060
2061
2062
2064
2065
2066
2067
2068
2069
2070
2071
2072
2073
2074
2075
2076
2081
2082
2083
2151
2179
2180
2181
2182
2191
2202
2205
2206
2207
2208
2209
2210
2211
2212
2213
2214
2236
2331
2333
2334
2335
2337
2339
2340
2341
2344
2345
2347
2358
2360
2361
2393
2394
2395
2396
2397
2420
2421
2429
2430
2446
2447
2449
2452
2462
2467
2468
2469
2470
2474
2486
2487
2495
2496
2497
2498
2499
2500
2501
2502
2504
2505
2517
2518
2524
2526
2527
2528
2529
2530
2550
2561
2562
2569
Number of overlaps: 850
Number of comparissons: 3368296
